xgboost:
  n_estimators: 140
  learning_rate: 0.03988835325494483
  max_depth: 10
  subsample: 0.8059800535648873
  colsample_bytree: 0.6165212771238897
  random_state: 42

